lastAccountName: AntsJR_
timestamps:
  login: 1611054992138
  lastteleport: 1611052881515
  logout: 1611055123564
ipAddress: 0:0:0:0:0:0:0:1
lastlocation:
  world: world
  x: 9.20396188570346
  y: 127.20650124912585
  z: -45.90592234060315
  yaw: -287.19904
  pitch: 13.475645
logoutlocation:
  world: world
  x: 26.16273062560886
  y: 126.0
  z: -278.51094212476755
  yaw: -355.93643
  pitch: 23.856077
