lastAccountName: xSoldierGamex
timestamps:
  login: 1611015346137
  logout: 1611016357047
  lastteleport: 1611015366620
ipAddress: 0:0:0:0:0:0:0:1
lastlocation:
  world: world
  x: 49.160946453065584
  y: 116.40762608459386
  z: -43.03536399762479
  yaw: 92.933975
  pitch: -5.842454
logoutlocation:
  world: world
  x: 3.3580718702085957
  y: 138.1168524821668
  z: -153.47599006959615
  yaw: -44.637024
  pitch: 59.934464
