lastAccountName: dadzio
timestamps:
  login: 1611110348144
  logout: 1611110419173
ipAddress: 0:0:0:0:0:0:0:1
lastlocation:
  world: world
  x: 26.042445876329985
  y: 126.0
  z: -273.77190665206365
  yaw: -1.9012544
  pitch: 23.815224
logoutlocation:
  world: world
  x: 9.123126612746994
  y: 125.0
  z: -48.192773843321184
  yaw: 58.93373
  pitch: -7.554196
