world: world
x: 36.5
y: 125.0
z: -40.5
yaw: 136.86288
pitch: -3.893165
name: HUB-1
lastowner: e287fe50-a464-308b-81b9-89a73b8380a9
