world: world
x: 26.5
y: 125.0
z: -270.5
yaw: 0.25393677
pitch: 1.0418975
name: spawn
lastowner: e287fe50-a464-308b-81b9-89a73b8380a9
